Pipe resize sweep (same). Capacity is the independent variable.

 cap \ chunk     1024     4096     8192    16384    32768    65536   131072   262144   524288
        4096     1519     2726     2782     2934     2959     3006     3115     3175     3195
       16384     2267     4939     5736     6472     6802     6993     7340     7550     7509
       65536     2498     6091     7838     9117     9335     9481     9806     9874     9972
      262144     2489     6296     8250     9798    10777    10790    10527    10840    10901
     1048576     2348     4947     8355    10195    11338    11244    11024    11184    11199

(values are MiB/s, best of 3 trials)
Wrote pipe_resize_same.csv
